403379512
48638924
95612184
20708896
40886439
127506422
268284373
394571380
228413844
170305124
305824376
81819543
9242392
17493528
94395232
338265686
324312264
407204515
252746404
16513931
19495783
10629562
181963014
6807782
12940102
362386992
454319958
345251161
249410576
425707697
141250018
13622942
309014601
7551282
233450513
264876182
417707658
77696755
196896717
68943778
56401820
239375176
438518599
434748831
406992835
15029152
318331117
448287920
64411142
428909398
58469133
14424892
391227816
11222892
407085157
385590574
382940771
434259718
363899394
417669020
129615724
84343828
206278713
387724899
395840780
116803024
134413278
380376510
423301720
48051375
309723248
45301034
53498168
86628099
423536922
143095409
112804980
398657145
94781943
386621401
180426397
411539739
247334647
121116307
356704483
404963668
11838752
213295453
16694568
131059154
225814288
14345008
118015543
18577999
330645881
15902398
216525168
46570495
425688754
434806149
21992127
151848327
252527660
343450480
52401381
342710616
72290769
131104275
203605763
22757103
203869987
36917119
121408506
250812870
306054031
14146264
91427183
85678212
374000416
211362675
11287392
14234219
382549367
11386592
256120945
317757205
6237332
376390506
297394896
312825056
40253325
314260723
99061244
305630708
14236918
148097266
376383795
82573439
73076200
302488534
20872739
126330639
304891741
20055831
9094052
217418376
34928093
7248282
311880926
109056644
271875791
16329057
369415466
88430787
252081362
32332342
278947272
14979101
10380612
37921177
378011715
138132786
86359822
15982668
64677995
205654312
267211616
67567657
216141525
48711433
101447600
9652112
107365232
214710007
242073076
125111210
68783
200500147
25275966
81806026
279444774
124133143
8248482
376391256
35233106
76051562
45381745
55191346
26128759
176839086
341482230
58487075
224668904
351439589
108719332
9240442
201745107
137930979
120297887
290604685
24733159
288849353
101349144
253013697
159407407
24268034
301689057
333931914
14330641
124144834
304400720
20087656
325128798
36126769
38049215
18323
29482654
83170638
20714144
14094956
315072886
317814971
60696256
156915293
77291181
64390994
60299768
301924384
224790598
331095093
15291711
54547710
183189013
24785141
42126617
40247759
28076061
30777224
106588607
234287519
106697223
15007922
14819674
34923085
6468662
129889333
233948525
84706084
188736192
191142284
281496539
17029618
265362870
299396879
795508
103028005
42392610
56676325
115660120
270248881
7739722
49328555
18515564
36333549
281577211
17776747
28123042
320805743
262631140
299522587
19500611
16118633
21694917
87283053
14270436
29185421
14191231
335926058
85323737
1364481
327554895
312084742
143231358
12587912
130640509
300493696
30182185
123190767
135255488
72499417
93659884
316995405
292619238
265273747
186420551
60856679
194057958
57303893
27914456
137414533
20503127
28086153
40255191
124239677
268792685
221741758
19531722
155931438
16885689
121959462
91766827
204485294
1012981
15123135
259282944
20661783
260469203
284968022
37879459
302687218
240224882
237156803
41996714
260674274
54586917
41425261
6883782
144966628
169234063
183678004
14006062
13076
129809600
272425870
285648980
39218245
19442182
107
3557051
9882832
262523876
27526545
263027757
17296062
14943255
225110190
262635126
244407318
10191502
22897907
211509074
6660072
249814663
196953199
29164670
43150913
37466780
92964427
11759202
9618622
224192938
112965411
11603912
52345812
14330105
148766406
55504061
7174792
113005473
59770815
18174051
17805365
6253902
266538672
269415752
18215226
59206460
230861367
93816693
187490327
14086145
254048272
35726476
108983699
11833362
206899849
263764840
151810866
268962504
15307808
19291908
263599073
15033427
162074815
250844524
65417407
11334412
289270928
230817008
223841700
87173804
232845020
250660680
247230877
95259686
1181041
243259686
253272325
240187428
15808663
14102692
10580512
7433882
1204191
36178462
38333199
22990749
77022507
236707618
17664893
246939962
74994017
223425528
86107899
22940471
94070809
58005485
49967598
109226812
11841282
14458259
96099256
145547021
21695722
78834025
162208804
148134911
7466522
2485511
29943904
257965505
19616732
210091320
217803091
253248333
14600138
231795614
23076905
24154006
183570672
17949288
6136972
41935127
68643684
58209647
150326702
188324927
1162091
43973534
225018288
107697826
14190884
15024103
11942072
34111776
19297044
218652038
115892963
74710684
124722079
141426204
19643885
96146692
14135365
79522135
99134545
197439858
217000220
112498192
32069017
768622
91581011
614203
147307960
38499476
174649522
809960
17212704
248265595
240743717
250597393
15931413
112330211
97078801
231623976
104219622
252861430
73108716
131469159
19283373
33251051
9512582
40847508
7068002
36678593
66138533
206366284
12941802
163132224
47545826
3882591
17590204
6680022
18378515
150634613
26193477
110224203
79543
50765620
42973904
120154385
21360280
57336361
1049321
6036252
16181979
17296455
20138472
26710605
193685108
60953619
192156466
1192
217172160
51609928
122387506
122477794
129004024
18972104
156270075
17674955
89422494
181248242
139694593
12203642
22153282
204490319
2218831
16823006
156306575
24743656
15975132
17674859
17409348
45568674
223399040
23272359
13315
195704592
164671891
17538409
79523684
47572503
142367578
195800570
210924102
9758532
12027642
16283464
186706887
219309003
36924799
70660278
14421793
213586431
18425722
207423332
223926540
178522519
27205541
876081
103343281
89803722
211695703
214865484
152319822
95873337
61772051
1150071
20272619
8675672
15968230
213762543
23984953
20588751
201483242
53181010
154106657
18188505
87766430
88570572
26223080
108320230
57063
97246968
93630126
9660142
39456390
140756767
31247745
147916102
11598202
140552454
13691922
18169118
30002748
18343
95637627
20170635
12977852
88473792
38141280
760281
87739643
116537320
104423786
19781200
57389522
5952212
80464900
103708948
120982698
19758193
415643
15115280
68985953
91773259
130274607
6911662
15448182
158484966
51224645
21849423
63088856
76617978
13027572
88334526
16162115
17461283
107044220
113841233
128993866
97234461
7488752
16015702
80667992
87514066
39494904
80862668
42935050
111599303
3107091
19021096
134195673
117593958
95454624
138999682
54942991
35702379
77177161
118082933
116455374
3382
21417104
119044530
14803608
15115345
67742322
7025052
156290395
82603051
83858665
14942429
130067303
150362918
160338212
17131569
11107142
17991045
102532908
106948287
5805022
59773888
96953221
3533231
48684836
786535
78131125
6639952
125297585
15834681
8332262
68897712
74345650
17088264
47877715
52020234
43417156
80532324
15742980
31137589
16068136
79742085
38692302
3995491
15235273
29677351
70378773
7796812
16559907
7504352
32373045
18138137
23695657
7734602
17825374
14597927
67584463
14665890
42587882
17431087
17526514
8927062
41299341
4431401
25104112
14333354
49866834
18136031
84556361
31749548
14309227
23576583
68127160
15397053
57922239
22599343
1749071
4845761
44881554
19903142
15406585
16155002
6267172
27798942
22347051
16467967
7077062
17185650
20190288
62789283
15474951
12874542
22147127
14115966
9212282
50964304
58910801
657693
15412816
17962921
38406466
33853141
28966519
7457972
29152157
15317462
55791999
5870292
29492090
30700403